40
40943.79123645969
75642.39157280927
26382.80589419365
77671.53372898749
90232.18297735557
82119.90766880242
24185.94872612566
93215.05003329861
31268.585441536477
53843.47115243807
50002.12102082566
29562.413136329036
10370.337404245543
41323.2460635061
90697.50444807783
94722.06072197977
53848.90205048244
11262.400586739373
30241.685366697722
68491.91785238171
84124.66177276467
61212.49487986851
25104.796348890224
4578.979728175159
87189.14465120954
75173.65178252629
97458.69500930277
80513.33962175898
52242.958556748774
27417.944563935205
43231.16640269108
30808.923460994785
63810.31041857039
36443.32817803218
38097.19804152827
82514.62222088971
64228.677946846125
68719.3810944803
38651.66386760911
49115.872785664375
20134.8761834367
92765.04809777968
18292.766100828318
28688.20608727356
20416.34120029908
88102.37916652155
47755.85971576505
95270.64800251371
5069.206298653495
20759.33607115582
28772.355466022625
68618.2682405869
74502.32349442907
7248.450381877791
15988.627475787454
96809.60292465385
57049.08442043739
2327.183884472561
17064.927523397742
88626.03537729949
18796.551650000016
62349.65997403887
43784.54168712092
88186.69898593223
84314.01192945187
55648.36155243471
98038.51500537175
93013.77388718475
99460.80657361516
14138.318516566605
15711.491893743656
78519.57448968414
8175.883305766541
46215.158605246055
58779.30156822362
6848.098165538752
33999.18951061311
60022.39417979316
41339.15369080776
66070.23491214072
54047.68490722353
78292.11725082409
98828.38844616158
6923.180852923083
28266.432271862963
61217.26316090639
61347.94827943192
18600.974155605578
99997.81181919886
92192.45345457344
71791.84778572814
12544.565235833716
15259.654484349972
22764.41181469211
97394.09255508258
63746.17874229246
17595.65891103674
17761.719300549783
19339.680518461668
92774.11352122083
62959.17873855217
89327.7505783321
49246.3838507604
58540.62111864543
64814.08449243469
59459.384050012886
13609.326804586042
71776.78749297139
23484.059581621375
44658.10925910222
67710.33402641508
32244.872454350403
15754.393019302915
13428.943140554884
49029.34616059029
38909.86008333077
20827.92009303387
27616.601345517833
56855.285849934364
21608.46271254342
36959.456849059614
41947.161761286865
49578.86985492793
95195.17315604661
99440.75124666604
2647.427655828949
84060.13902711749
42711.39676874045
45080.573575995266
55643.10620569547
82498.49111347199
92815.08399263673
80922.26556078614
47590.7779271477
1393.292748946584
68524.6908628393
5663.734826022482
78877.58081352332
94468.18156285219
49272.71950385464
1092.468435555838
46726.44610765254
6842.44179932133
6330.491223060497
57820.900806270045
98673.57080416281
11267.874866394246
42857.1575609546
24705.027503662302
1938.7859176550949
98909.86363895058
94142.47714413871
74551.88719843824
22588.35277134259
66936.35589967793
21054.161174352204
60069.117549777286
99893.61573645133
3088.7999809536714
60267.099182761005
93482.54437305094
95917.87388665443
53444.046501543715
78543.11248143083
20845.310148592987
98117.72396765924
73736.5665485749
15146.33761622779
77784.79453532836
53624.0295442031
6895.341793783893
86420.72831266432
7281.178871608973
17871.59064548711
99860.02507794423
69622.55790436483
92044.19113359657
7375.479982004019
71276.11418238017
79292.23037483821
4152.221249916188
56705.932476208945
68329.01176821049
98766.12669397883
2840.620530195936
93092.58718363784
5762.005505910939
31870.557035946513
17673.7288550753
58592.72209502002
63033.401690522
95406.38969280053
38807.736505057146
29387.165494908495
26603.12965939652
81724.2547328174
98649.22382167079
4521.289477607393
3499.3728108003165
82506.64589494365
69936.81390207371
62287.601181981976
99600.83521646999
79814.69484563154
24121.101369276632
11450.142130504759
51480.54392237538
78523.73513104286
90890.58591140778
96640.01871953328
24192.104929600366
75463.20563161271
34789.08994189247
52505.115724857154
39039.57622046026
34892.88311085397
18092.72671094231
39576.081072875015
75157.26919840372
67388.7613367638
50462.16032694752
36314.494032838986
96635.88524738535
89778.39932479568
35358.59536902237
6438.077175679391
92966.63646280124
77456.8605462375
10809.502077453548
8371.712066524939
84735.0849780667
7230.880167854681
47832.85728315699
64551.9039838347
38781.640870079646
28780.206834950506
13676.206795042877
62316.277553167165
57455.774266783636
95891.5312787852
28999.629604204845
15238.573210247941
55126.18691359318
34811.82154385616
48229.26095125357
74023.52241150383
11769.319462236683
26384.224950179592
70530.73488321858
39454.87768828315
98243.75786454977
31071.21142923921
45199.50196090069
96393.82457845921
768.2158448129139
91535.93118925705
69737.74589831602
57453.81990149875
33155.960989098014
6144.227715970163
91485.13049914116
77731.91557615034
14518.701809597345
78566.15244105051
14393.399193230549
77855.44582301214
7438.097978841607
13597.210244818592
81382.42905078093
91606.90001245748
57013.21515457977
47385.96404599336
49688.00887590268
36518.71267918702
44727.417940778316
71446.09124272388
1709.301290115406
91083.60613036383
72738.32590951891
34147.30310957348
37086.5394200937
50604.99280277822
23979.640629732046
80821.03228955527
73087.25918305216
25215.918186237297
1373.7775332224421
24183.126482507665
39851.91462914509
38223.86379691348
35489.41695503014
20467.25187392402
94647.48209556179
80692.6762446475
64138.250798136985
63479.06935323268
95000.23119061929
79051.79239045315
29690.312209320124
98722.67150081834
64426.56958479932
36526.800875413166
10297.494855994082
2817.210995063346
56453.46068646797
16314.351030236496
99749.97085563924
69612.96398287569
72717.62035258065
44678.25143727288
77350.41819672217
93732.59481603299
19155.309232521744
25522.573845697527
63976.0624767344
44704.68924753358
90642.25829249862
74501.44339637796
43408.79219000924
80423.11446917296
58915.82084712137
354.10220722984496
39048.643135829756
57357.09756658374
1209.2328949565801
83907.77136196129
75286.19344933912
56753.388584330554
47750.370625884556
31069.71384779642
20094.56379033603
61013.22966101561
45125.206745765376
5133.817838839394
811.7773581829524
82493.26493654677
29478.667350041243
75855.89992526702
8619.54585159591
68170.97479900299
78623.38196949776
58005.91747590124
58884.54699613016
77931.55947575731
65349.38999864774
50484.059408063156
54313.53839582403
61674.65897044913
65575.55525644607
28591.690337853946
5783.720980510909
41005.67028778056
84456.09194821552
86677.00719908986
1744.9972359034894
34967.832451582544
51153.26152001617
76129.13723839872
81250.83242379827
56087.68457734295
98709.96976291698
34573.35420466329
57959.70706472021
42947.851939819004
89303.60401904171
56123.97846239033
62859.169227864484
88567.59713642146
67135.17282721354
9680.428196265078
21999.76676312917
70062.90049534959
21305.410875284415
72505.80879858628
62186.21548252743
84374.29340638274
19252.2112359909
9706.33017967768
42358.36578875639
47292.06952693476
27671.343387752688
96733.72264339046
41304.66768161725
18574.871638773016
72315.15980073073
51661.78394346053
93385.9754640213
74649.10657028724
661.5625464912566
16742.029035855176
53107.71458126331
62192.99079085087
2168.214841745586
4622.375736495388
86663.58531475723
30850.491094484445
9674.609694854908
3616.6768567341023
33984.125356367076
61386.80748484615
52487.28299855479
18541.81864976099
58358.60008217597
76788.41898799365
56781.098057164105
8893.019737604223
2358.8698976899414
48127.18643186309
92172.19523627292
74506.87068956185
98579.03277496091
84449.36019492467
44665.856924652384
30365.54016779147
41614.78982848963
26516.755845049367
55655.18430189545
6824.528451384404
13741.613109524731
47918.794740009405
4244.146823287154
9300.170540757103
70911.03886772766
3890.469146149389
25891.237434804803
72332.11867608265
37969.43105899679
58112.747654497165
54217.56882992227
46939.809020995395
32413.855077206932
60838.2824880247
44795.97674148413
67320.91779320526
34534.75199531186
47876.76603942641
89835.29902635085
53193.69554024795
48455.31581937867
79290.58481034357
60896.6589221948
17463.922478224482
53362.622399907224
39092.94760259102
23126.27647312352
65401.234628214545
27135.698312880628
72806.97281468753
48961.938563966134
91138.38270202692
35610.89294164472
48435.65272979055
21867.948125551873
60.91772057854605
19885.070535513427
88209.05898528299
61376.01872514996
11533.762767736354
81342.27566229098
33416.51166185701
19557.225150794733
25414.941335281714
59499.728656194726
72697.85512271545
96022.80992908865
67935.7038152675
21304.077714391446
85359.38789531174
93649.25332338894
67780.18642585348
32169.121391817258
25596.433672938
90445.72501743944
51576.63764246138
58831.212745652105
945.8743604163766
34329.639292135
89516.13816639394
62008.87225514373
78858.44731689243
77048.7347059942
66443.69163336889
72888.14355053575
88971.98274941313
51085.73316052538
1520.409241841758
11615.530403910301
75483.13236207429
59104.297137434056
90434.48025329462
98265.35335789608
93956.63607633128
89342.63376054168
98142.46750480981
27158.679683722865
39977.448671992424
92333.81831135493
87251.42811657413
23945.989689601698
43242.60025423903
54429.48204427962
27406.21095605201
81526.02092869855
60005.94814724147
81826.2246485064
94425.24318349623
75658.29529530897
49230.45806579517
65141.73952060854
34431.98718455403
94037.05785749489
23369.026729311892
29060.314255335084
37858.15901531187
73629.46041258068
23386.278449314934
84165.0059854535
40948.72481122745
30241.018765014338
79450.15864637864
88796.4733611813
48277.58625042455
81556.51011245164
83663.58075091429
97626.05782668739
48786.758425980435
10314.622740742918
19272.750735857826
20603.428219510366
79990.78552518143
87809.86172469606
61980.243139656806
41036.69616994985
80242.00189615772
79575.3263393009
93307.26101151391
44785.60478942421
57331.190826489255
84885.17131830449
43390.964522021924
93896.04069783898
93202.07761315511
19625.682530964183
11169.14554915891
37476.76276354442
99187.00369531264
38119.09752590235
93595.8896645419
90216.91130791476
33925.04239909786
3644.411349889476
92348.34565900973
24665.518726821945
97002.70440461468
59684.603922792034
56426.07168097706
17241.88650330233
15361.318385446577
24339.844615182104
62110.859302177334
59918.364662661195
46644.058062487515
28881.43346475749
27946.342104799904
99614.70079790166
33909.46735024565
48081.32998643673
11713.078171973435
95565.83458887547
59517.31019280705
24737.36203920941
38816.25003737026
91272.57971574682
62496.41608081966
73724.25151348318
67069.47686581792
82117.4188343386
3333.1177066627138
61935.88177014586
1549.6771004173015
22325.14411914056
82872.79285531673
99644.26758818697
35014.31396174892
55670.87650367547
47905.91652241908
46085.92038644819
4313.762116062226
73185.53087388148
45013.952062523735
27496.42420309487
21297.936640725035
98081.5493661467
16379.284413647243
89349.21823672274
57907.75192875218
73219.31017720336
66517.35077864256
56214.71089716231
39458.34047308316
79657.30908961882
67267.97575586673
52441.01172851768
27562.42346821025
46176.86965354373
9886.884867832956
44767.75827154626
54708.59016644451
19144.76862292319
57707.22027894863
4019.6172079771773
6200.664410507628
49674.85671963234
594.8163877143586
47186.23775017783
31980.740227445025
20772.374001275773
63299.92449815958
13480.570763284793
10799.880633162817
80992.33367779698
73811.90508203885
48377.62447013738
82266.87251045406
73116.01706381599
54952.40294842614
18170.914242668056
8496.828997244555
46447.240764267975
62696.37946701787
54243.9413460167
26397.87693967034
19552.765241368896
58089.25330788328
31039.30308688373
4075.5026741904567
16618.81192562383
66132.3908408952
14618.098254633416
20400.60653386194
35068.36305959226
44638.0107309251
79737.49273934295
45478.696607582024
14681.561646959319
58808.5209031978
82534.46748108206
11574.017373920575
69184.12461241243
33174.19920211178
93188.89935036341
28983.897463923593
10116.4794092797
31527.03027168253
38349.31458789336
19424.934328251307
39768.81130120792
97617.41895644116
76639.80122446254
10684.07723389193
15065.025512786468
74634.42975928095
32226.692320673432
60604.06137180668
87501.17146411505
9869.061700307147
41208.8491600307
55914.06538548449
5591.595390938842
42464.023701099526
23505.459180303977
61982.85868733509
25748.726505159935
66782.33365684615
78950.48416779487
83263.10033721679
15120.040936549716
61681.03476092567
20463.008668391303
31011.913580290817
45628.43767928166
76855.1461324975
99447.89718979903
84814.16884262957
72309.89435811692
71420.94535119334
48991.3641305227
77501.42814103379
61014.901472886
7036.551393304946
68951.15240211185
29250.80334465582
80637.92257572543
8111.673291497823
3701.2453205858333
5964.466331985607
3261.6503665239047
15037.327506210318
18076.11393839411
79471.91832396004
61950.61371629575
72870.2116242068
59969.742984257966
22663.539474944406
401.24491729537357
17535.32958416406
9079.765580039744
81355.33260300009
11253.24681431441
44364.36734859248
50447.21727067548
26501.22124499904
589.7212815856756
69666.24908826445
78727.5997578683
5310.602588349267
35001.155963575984
25030.183543490726
34539.05403521643
77895.35400990982
24561.080860792517
56190.39788069229
97768.64529451479
47261.78137553275
70158.8109688087
33535.739989614296
14377.88962700014
64779.52197517681
56857.376504896776
19726.137074969152
13033.807997320424
20700.735404438397
6292.359270325643
81381.8817437976
75801.96430106857
9869.365639650163
10600.091642289723
76440.58898398968
63173.11364743814
96451.64476542672
57961.222133308984
96530.55662019708
57855.17238054423
88335.42270765819
25568.39284774165
94588.23954636896
84047.4954574597
71787.31362879412
59674.40254085673
81951.34902868525
79324.48048460014
50023.060276752854
84349.87547594473
36288.085177774745
44790.75503135539
75537.90274161057
80677.11044838608
21976.875479243587
75830.3348466588
65360.17227117759
56329.47898500451
87929.9008804052
80557.29941095588
40832.727600921535
81833.33527137486
74357.61206625687
25985.655277908092
39093.23152707286
4282.126757261906
29600.311124430013
12971.307829683532
2115.7320121609314
61869.98393002204
10906.840848197873
70139.0643676987
60992.33846202807
13334.773747342477
18919.247040078168
74292.9329929366
98075.27095601021
65248.23145914418
94626.28320143065
50217.96810236301
87665.89969342068
27063.4517825438
89677.42896588078
76317.17187938213
87128.8325891181
48927.677919972964
6203.089927286276
24187.116377452323
74625.53457972548
490.95933761261756
90665.50483040998
90021.01907819994
7103.295303954793
30288.963837576975
57768.78673851952
33638.278211383564
2741.8646559187464
4750.801255241921
15085.466276687132
26974.548832404034
35751.39214152475
63480.45205667591
56810.79647552644
28026.62213753164
68231.79064268281
43183.015548585005
95934.9499098013
38531.53060764539
33744.96879645701
16454.612593351358
8127.204478714889
74069.46414990658
30317.887413619603
63627.52181438063
67755.08357487216
73815.20573017096
76785.6680201201
45959.713160015905
66715.32513747274
3822.999756483836
35700.544696978744
76680.58741479351
20132.466419447148
62514.87089153597
8473.684030750817
92752.48695887311
79484.7546685774
79952.62514585629
63983.481660934485
14680.06011266697
93345.94041229268
13508.858065783514
70575.18918886385
44297.34242326969
78685.51210291697
81712.5020192373
63193.25049293002
91184.98939532427
91548.74430784328
45329.57228290771
92329.06984140877
37217.78873734613
14941.882752850843
40149.9584274963
69533.35488694943
45715.250153886846
13876.70847332675
89486.1879801851
45433.59519962503
96765.67385088373
42782.59519634444
76050.38538066289
30513.624626267643
83516.81405004521
28873.092743699857
32660.627377229877
96353.64050784256
35573.87976249031
96557.98851851541
19138.22678498711
75595.44609850679
45118.26212068388
42620.69815426486
88792.48045594408
12589.093583584532
58958.07700342859
19634.73006621018
12049.702358424407
3493.502596536269
65444.198108398756
35971.88675359745
17068.429641515624
4545.066731278391
49033.18980075204
34758.77845420927
27592.876725852166
80274.61306617409
7251.158303482474
71267.11724985678
26831.881233944667
9644.540874757457
24910.174597110592
68477.16176443502
52810.72254052489
67394.33433009742
78651.6721700101
93932.63441839868
35428.35253014793
50324.06763614909
1238.7477596715323
67509.23512937978
18362.761775810788
23811.925134675126
69492.07177677442
79347.94014032987
70002.29358932197
22553.152481042038
92361.6882523177
69958.010737928
76740.97103167768
51324.29607093657
66349.67971878762
373.66239324103657
29260.95144120121
96517.93944212215
34346.330987001
19252.21476903538
57835.49849212616
77259.5981056279
30915.02793933667
15930.43143730467
46220.88490937663
36109.834697272236
22158.895254864598
33709.67695742574
55365.90445507001
93671.02832502878
51524.68572930321
6019.442847910883
17952.789258316705
68859.68727915124
84247.24234632816
69612.67525927215
22693.457424642573
97171.53915509286
2610.3694303029947
3575.2577784403215
93340.22169992089
62958.14109544846
41797.72687731724
40685.885280448296
81530.20290283536
98550.0065637857
71829.92478434241
98541.52979010204
34867.88026272541
93002.8085743248
24931.720284611634
81867.52340770428
72060.35549689925
96309.53382342827
39645.819438818544
14560.248120512775
95455.0397255781
1112.8614877849552
43107.48367348105
70264.34001087512
97989.68454075688
33268.51562931937
21116.777527753573
83665.12935847486
76349.77700233439
85051.68554220255
31992.96177506046
41181.080713740426
45038.49972621067
80365.0326091429
4668.164780825557
69369.78390447411
57099.62618723651
69998.2188756579
24075.169981226707
62115.016222289334
76393.85851342161
16805.282230761233
47606.76576684122
13541.28992941287
13614.259139683005
45607.5979545106
15271.773781577269
52606.198196086116
33636.63832428802
696.5900658688184
13145.565448503039
7449.785564880518
65335.83554334046
75001.71685276361
24810.470730453682
62834.06176805811
96659.07964198008
49305.702201701264
58704.17292982609
12384.717252882981
17532.660786614506
7330.377795879084
70641.85697005513
48850.96588823428
81088.43929496921
73082.91244402801
10250.491377418148
80228.35871362372
89731.72779914839
50543.58605348078
7651.326597765762
7343.346485994218
76732.35930374994
32592.709457405144
82449.29360366226
49377.22877350297
46305.82813002372
86015.67823847389
935.706020308924
57811.06692083353
55561.60472469634
12491.533993761272
29383.281215983203
16402.04113837944
70230.8225584351
31661.87062462993
31410.167857561468
85055.61463917315
2745.7706538446037
31693.26653524166
35612.30544668868
8836.801688274
46028.687232113596
85187.8651311614
56011.13771451222
79867.75160401846
49257.59468870818
33863.11820382843
82336.32384227612
9487.681163153138
42912.000875134734
4113.137584294868
69760.73912925596
40805.26816005395
9561.50108794911
27380.471502913926
48427.76273105732
7652.287011610503
14145.446592076572
4208.539198844707
41958.449037313636
24951.4307646437
52901.989830212384
68911.38472153831
31098.873804095274
77639.95109621338
53640.006476150695
82988.81130288015
23765.57835056955
60544.78591331045
61707.51692851435
9731.305821410597
95969.72567104062
9983.702475874
75795.42031309736
99900.68224644884
49448.18666118146
59370.90994510572
55625.46504538894
48938.66716911469
91302.47609533288
45734.466708148524
9606.58584340961
69847.12342064988
78544.09409752811
91806.760350921
84703.85598058913
62699.991125180284
86167.49797007054
89228.20187001697
23049.481560432338
51688.43109284523
51219.55836435668
12408.227955907192
20235.404821605483
3667.0802498146136
17307.04124686
99716.54626765942
18762.26044963686
38360.71172936052
54081.29713053025
48931.54634411063
96779.55615292837
89706.98695702583
54462.007604237675
87251.62023349856
67037.13811492639
80252.46358849634
18709.45434391813
92679.13479969282
83878.12819134771
26085.325201063326
18927.510382220556
63215.596469101
67138.69613012472
98479.80468805265
177.12879701026196
53060.56168022267
90980.18214641685
30243.5974202219
15102.79731463775
20885.680587149134
52964.226296677494
69701.0302444329
7822.108971340014
64259.19183042141
34091.74639866503
53311.12092861888
59801.18697911425
46425.106625321554
84061.73441054461
89111.08172502677
85536.43024912263
56895.18930562978
17666.01353974302
17492.214315004083
19085.652375714046
85690.79738093229
88021.24635564823
43256.59198448679
63839.37095304529
32575.487442151363
10249.649552840834
13469.248155779323
87395.64965499182
17248.28465341196
45255.019480635696
49312.1057629331
30999.533849996496
4221.320802761675
17400.826472040033
26962.182603326313
68730.8410526793
6984.537008307268
32182.304311496046
42458.09605827603
95471.61244333544
90064.00032493638
80394.60513295226
88585.23415478072
44657.32420785867
44709.31324668145
63834.26179196361
18001.4240794648
36913.48347408262
74199.50608352061
54231.31288091908
66141.28298648025
38901.9923349334
88135.66907702458
1894.6863196539043
59878.86254779367
68049.25252278052
71592.55738870904
43463.495910467485
43494.64602288939
13300.66648351298
64630.22697791791
19192.12859399413
12184.272683603604
54643.86507514139
60420.75027727801
99357.13208048878
55162.85171214427
54865.595299257555
6123.867295941276
36659.06928895188
75360.11648532945
65854.91664875335
69649.44074439068
6902.671212848677
70768.02454068515
38737.97618578618
17573.418529571318
73773.7561930756
33693.89687340488
52227.28253960064
34727.92279572341
15191.571582560804
48488.52196464266
76791.11041702998
4365.023470011153
78500.33422316688
45760.12907487921
73596.20898130786
59297.613194846985
89673.93164472791
1651.4355157352445
86649.81555275335
9049.762874989365
27742.886169504265
54448.5274633991
24164.445297670634
45802.788260320434
89812.84770842211
47606.584603241055
40891.72335284389
32802.19024966914
14329.021774577677
98218.98068302921
27019.116210853288
82894.56000051531
651.1331105531815
33022.639356717584
81196.0872881522
41992.383997621466
61538.62629773037
30223.9538220232
95353.87737797096
2518.670468240769
71806.01544379335
54745.97495400042
7205.722628075883
85262.1533796678
31193.408402841604
76938.96869611504
82662.0421425659
44577.76703627122
42407.42578492364
20362.900484676582
74867.7113983075
71496.02466011368
16322.84734557633
92941.73469727511
69166.26951235303
92058.74567148581
55495.52702505071
17605.8893804801
64018.486993301995
84077.6148209145
34422.20686448309
93480.61926546192
56750.45292097083
64515.822673547154
90393.09748323362
86744.41348461194
99978.93148194175
31822.051260791373
62318.18371496994
71473.02373379139
69659.43629295728
82799.93909216387
66568.38486747263
15101.030888231693
38925.110076709294
61975.01878280606
78657.88283735549
30574.334978202998
83232.16344207445
42925.12923160033
97504.06688116716
97833.34674245854
51800.25717839433
85669.09452258755
5036.677412270152
90958.04022872864
27933.914889349755
61962.47310269696
98087.94322474998
34122.46066628404
66533.65411286459
91227.99011867985
61780.61971757267
49447.6687679208
40953.231425434526
83852.2664662391
74040.9826246174
52908.53113460523
53332.01520710107
45709.293976920264
79399.03778103698
641.1441482554459
62629.171798125746
58025.02609276351
46898.332502727455
87314.09803392856
62809.011145156444
10076.397750369048
31722.884650252712
50668.21288924094
99974.4941638969
28721.954196885457
93058.9588774113
41895.75428187602
51718.54103583078
18390.175299783583
81744.5386039294
80221.54297180264
4560.4481723605095
97905.51170873235
419.4920712730976
21864.830794844147
56057.40671963921
96411.05876808087
56174.62634145402
38502.129033410274
37028.71740361858
49650.6610106317
71107.93166062063
18417.68644500501
96302.9821204144
20002.165715458363
89731.51606588616
74719.63259924675
15496.226594571972
48907.49858215503
23832.845101888634
69316.25313489672
24551.522973479445
38724.04520763676
5179.106886478202
38788.28009678216
70118.37200059595
52525.813594749416
74363.63821863306
38859.43880666374
48322.738792998854
15011.721390810773
20128.518987595955
7858.943263761565
51076.32301848578
95432.2444702847
97657.59233426084
86386.0332987878
90796.24335317858
54324.6270326874
96619.34749797192
20328.01650133127
62254.04207898897
39850.66108688915
149.22164715789333
17449.7325333569
72245.52119214197
26660.072035585115
74496.06141036651
23963.737388996266
17870.598664195924
456.3559844924403
55717.63147727633
36806.89986968112
22435.024177978692
4820.846106496013
54595.20676027941
69790.55671749488
44333.45202525394
83354.73558338417
83847.46748868872
47357.70618433466
58746.03192050302
69827.61474618738
22759.02000070229
8372.200530992779
74578.30155247614
1775.068691174353
73499.09851920954
64181.254847445976
89796.89081327667
58866.70401695459
30691.08023417453
70134.01935881157
7161.119023607532
56369.963194896576
81203.65664920383
37805.338370721816
29323.2766653033
56163.91164441787
74669.63827662975
36365.29022489407
27368.033952951453
93011.17068194972
56898.54212295492
5851.420231039861
30084.065159569775
52174.97940105226
38134.22364714675
32542.062889931312
12608.628897647955
75972.37275028354
76019.04879220754
17195.505781431388
72558.49905626637
21483.318878301285
89161.17267349883
611.1868570885525
69358.34202083976
39389.530125072546
81361.71098973555
97785.49351811431
68200.2058304809
94795.66955338955
48843.70488464738
31876.156044797466
73915.5419636556
4889.463988502618
63234.98950458991
52255.650498830444
62013.74646656036
25426.24325972368
71592.14841176421
67125.37412993898
14238.9343277859
78277.25883555353
31412.972817739716
20478.839688992324
44219.28560677948
75660.06153414471
3369.9750965412222
95643.47970005801
55130.922190050915
63173.15700745992
57407.63601889828
33197.091621887164
5771.039189594396
73386.0257938186
8881.245283313865
9746.352844386109
74032.52258126579
54489.499198005054
90575.36858097573
35871.20849914637
97495.08306959813
14390.423090737502
83725.0805254475
96480.43412667455
39695.49040806721
99638.41461194245
76573.3201184724
74889.94468895401
77612.19589079112
10701.437943998882
92532.82155198375
73126.96639374326
30997.274846805554
40360.83071691925
31681.265620500253
65279.473354886664
57411.31150964524
10375.317118480709
99103.46960842838
98151.79855838638
18164.39933846463
73067.4488987255
51504.52810887522
84053.67795745147
79839.25796486481
39114.81819978263
79553.03797029729
14241.370006178677
53669.93119190614
90582.31184059803
57573.66691749046
58345.98804696951
90772.360525497
39110.547855858014
34493.45868195998
5065.4976284883805
45070.643100271904
93179.57838902235
10356.50158090995
42463.28542388468
87735.55824714694
5495.82883084555
41256.63630166824
72407.60275769194
7049.4960699959865
81804.13992240003
42198.11917868955
3002.5889092737957
55834.66744730472
45805.72465832505
12179.303391064033
65302.99032114161
14929.076614640191
71366.70069054764
88704.48057190675
56171.0922304123
25667.394590881544
12830.829102009511
49964.304547783526
17825.800353545896
6921.590145856893
87003.93751494297
22085.26369265116
26450.196954004055
12978.725291439674
86256.45899685305
16133.892938935123
77165.2941032039
7381.076941305453
31194.38590460073
14971.549637202386
20744.175321632087
24826.347798568095
3477.880595386429
53590.7160529588
28632.030051702317
68323.41611398107
34620.656801622674
88223.9979192861
37154.06245172964
42021.68626788229
64982.17754487948
29302.08133316692
49234.63902117388
51479.817490395086
28668.609404620405
21247.118869308903
52517.42840884764
12612.211869854884
64687.38836496789
88123.14488286118
46467.74400297126
98149.34670549816
2454.1282424811907
28325.27686997578
57854.633329808144
16170.625660406935
20629.565509769087
33774.63551200972
63951.722705984226
59116.1737360302
32268.093438830758
29496.04209994582
35862.22132292627
83656.55817266695
6388.338435583308
77990.74464939188
60564.86814420914
81897.13860896263
96330.20798588188
69476.52969133611
99594.03472320654
82616.4027496271
8641.636483494674
23852.81003641404
94708.62067488223
77585.25223608507
12742.277673545677
63158.334286974714
36470.71559556697
2486.9119308845943
61240.19050581328
74324.42149132954
70346.49758730161
14554.783480872313
63531.57694511411
71186.70113838707
26758.190225100032
99768.167207675
31192.423597131612
82003.54909291839
26457.29754115976
11293.536252581038
92674.93134311894
34139.53651501006
30655.78336985616
87831.57306606925
56950.38040631664
81107.36156043656
76543.25289316925
25627.956557840826
90994.14013092133
18821.92166241795
63134.560250333016
81128.47296655433
64387.29570445609
67705.31208209081
29833.751169228763
62606.6755398632
5813.361557998386
55191.696572209745
666.5631677240435
28565.037434810947
10857.444979557995
19216.158623790736
50825.211549119405
48308.12769047537
38269.073178610124
67431.80387837405
88985.5057073805
95809.0286174309
32728.894869356896
69184.51757711792
38797.792010216705
41837.87932236651
16163.270670006314
27684.96733841953
46019.63239773383
81294.07136081991
96779.78055680696
78352.5782901865
33949.51076203383
82781.26103821173
55250.47658166335
85966.35870624254
79137.27474363607
75687.07167487357
80848.71974397669
68042.62576910896
81788.43452128208
96376.95493028079
46849.23214746568
54769.8535320517
60845.81671977149
99584.3806021753
34130.025346653994
6865.953645199829
12423.544826411891
3677.1607945771834
34668.66519900528
51883.54087219206
32084.623739897066
79202.35851040744
92504.29895822839
66773.8407726633
16394.911844520844
8959.948134689044
68740.7782546496
29930.053916575962
27252.608699487824
44827.93410343403
49295.06051963654
89466.181747536
23683.80251581115
61659.44133619752
49349.072919351376
46147.41408371137
40111.04498689899
61794.801992875306
6842.023811085985
29173.42161583082
17543.332371915276
15079.436591185202
98844.13604339903
50925.95037562845
74702.22629987333
28750.88814336142
59281.644145078826
62827.37984624725
39790.32289100141
29156.11210979352
24236.80303002311
98616.95599531461
50424.64500232441
2982.6964859049785
81925.5754435989
83636.64885312236
69198.9387082481
89535.41902250078
58459.56471825089
9128.708839010147
55405.279172469265
37562.151856476754
27627.65339322886
19082.132028420463
79636.78070070331
40230.79886385049
93186.77288122148
33825.45751627161
67309.62356939662
40081.60545334627
55530.01131368072
39348.39241233252
9584.012990407398
52126.854529378754
41104.33982361818
4245.018136606804
85730.08521652427
87742.56954149799
42578.98641169925
47206.394097618606
99676.19317927261
74594.5796182772
90519.50872511398
67150.58873099486
45293.39000490278
58563.857283439305
53201.43572180879
65363.31122255484
79911.38907500518
42483.80658115291
40201.34476494522
34432.440703198256
3627.587487206585
63474.72944244015
67532.05011546369
62294.98441244391
13162.250476504478
35758.45101827344
27342.558692238406
1375.0546911033168
23329.30846100798
89058.66199770122
93582.33857919474
82576.67791786688
26633.608102154438
14040.229683993977
86533.29872110186
11805.395250724749
92071.90349036858
85713.39974742576
13741.888279647384
72727.74338666748
87906.27940531255
73326.42432734818
2637.524650281342
73637.88801782044
49995.05214429262
60992.86151051827
41002.519716981886
18585.8353222079
7207.673476979315
97147.36817944178
45462.60083144952
53331.76470248775
18516.513569385806
62896.588079916735
85295.9566406342
35226.280439596965
72549.82039071507
99429.23541326904
99112.72114087029
2776.3790597647444
49706.60146974182
62872.299283340195
55335.6680268689
75442.25863841687
49375.465618561044
81327.78579967517
23916.804813681945
97120.12715411102
40366.048895993656
73297.22522742597
46353.47720520692
47801.37023650098
1352.842207044236
49298.685863278355
13821.469590017854
87058.60560817184
79947.8511319582
59203.8205493477
89121.55296485007
60294.27326032097
13959.75016615253
66670.01927399695
37139.72624761483
94097.60911620397
26463.731964243863
29015.47981323105
60650.45893951358
30590.964691477886
27497.566936230265
35982.61597363426
73546.00320530217
2306.6150686699484
29515.856640978323
14057.894912954438
81953.83214336292
28920.364877939308
11175.820620854704
34363.85077112771
85208.15048742792
25078.370724482025
44594.415198342394
71611.67932417433
53270.32895850556
44588.82147782669
34907.93271430872
49200.483536444095
84947.00267635105
50410.20917071927
7781.692755544745
71271.85908896933
2133.5025789909646
92153.13775515657
20458.780638161134
86376.222274108
89314.1911212494
93222.71323158912
65003.26759325871
49379.88741343899
44680.17496090546
98263.78108341696
78584.67861993164
48339.59089210015
69478.761933572
8231.367722559813
74966.94542051722
41293.79095729012
85587.97100880597
35193.88467202145
63806.43244375821
4267.755379964311
37813.271410934525
41886.8050553323
29930.072880261538
26262.07563848254
7032.636907665524
92069.64696251578
3456.0494697083
99591.91926912405
33069.96831890848
26899.291295100214
63435.8260325524
44667.01120783771
22055.736569826866
99817.79460870213
82637.78999903244
77149.91005175124
92037.69965477401
47863.045009779635
39159.151883368315
72402.93508266912
92733.40547560765
50845.694861104064
91744.12573578212
7231.59797856816
20570.121755538927
31496.065069921686
40002.9087791098
62155.193949280074
38536.71489886002
79469.76911383434
68167.24746366513
48782.75773605415
1875.9167042286751
40011.0351520734
1584.9217326948883
86345.31966496204
85274.35336327674
94107.81802120469
88846.78827139834
89032.99430687095
4961.562369137496
71132.96694819703
59256.49626619081
41508.1287498549
30008.174595456017
77250.88088487489
95294.3217439862
33813.38598228742
81117.33293324531
93279.1982626872
2793.0718181383595
98866.29357052843
22332.295723717278
94230.28218719039
57735.30219824345
45829.42634234019
61337.13561796129
69417.36851151846
57897.60821940386
10868.079721052736
87406.31510524795
76795.43954273143
10009.066729692739
53154.92934838211
92562.80308892818
48116.99898093401
38657.357228450775
8453.82080021686
41133.355137257044
72518.11947133564
11867.51325003359
75212.50693090307
75643.48077566076
25310.29365468548
40094.60145399499
48816.791563050545
72873.4480257095
76038.70408874632
20313.08843841667
38506.22435768861
92900.72337734645
5277.805103569688
64952.03724285208
98424.08119268886
96082.9884937686
83170.14394227737
76616.69606042918
79372.109075368
38189.934571174614
14374.576030866194
3853.3950368111027
61063.106064050866
92270.82132241044
33875.193615259916
40656.18565505768
56012.07882133987
87348.76196034871
46012.3704200408
12979.919387105043
85679.38982240432
98661.59755331241
35132.57329016486
29215.998515921372
17076.957993605014
71923.08053308968
40413.66224778968
58403.35055908641
13771.210660210198
14957.054418272852
79707.65065899226
39888.63171210032
99064.18607345516
44061.19827646845
27652.93982943462
21216.033640968202
51106.77565281555
29585.79098544475
1843.3094676216565
67218.53507281248
49795.84462023787
45466.8911393437
87501.0257972407
82598.75313081343
73529.51384075027
90832.21768344054
35886.60578823678
42729.05941295466
242.6431409915608
18301.904713533368
4587.9745039572035
32966.947972897644
1617.1471741376454
73235.26733981019
68866.82242716436
55473.08955021314
31959.46576725458
20928.535042902353
22400.213324540386
74335.92364407908
3960.1347322650304
14647.512367336602
3040.5888724075903
34747.985606164955
12398.115316552226
36382.941575713914
24627.52019573934
10045.675283107757
13825.120276559877
24345.313732612194
69419.6526012981
1615.4504958564407
95362.89317871044
86469.77114231487
97375.51057202608
40985.96156030781
68969.03293925585
87580.59791156629
58296.94456563116
20866.95827415139
8874.60615595842
89368.7765208823
50759.182179125564
12462.242535506473
9369.434598149684
16964.941855645564
57786.56118255264
10075.3649686252
77708.66179376884
23643.992827082773
3393.2376822847777
80843.11449612142
92636.75405397828
26076.52566547255
16393.285531994985
87373.32241119433
52872.85897761711
86546.14411450086
58294.72694501365
94129.86023868613
11874.029127965125
25680.638211090678
70627.28126480161
64599.12787412853
45290.4883939506
59498.88738011327
23713.674606198743
5588.754491247961
25749.7960510075
67954.31104184013
3679.5692563499906
17450.620336880318
85954.39507909086
18659.510482311303
57407.32331323182
64586.72133323429
35549.71522455689
89105.74570840527
26173.91976475467
89287.7822664111
59817.606478488946
53444.72618347638
37873.59202888662
53771.0019366732
68972.6122127413
25779.126976413492
95010.79769560881
10224.612288906943
85686.15961360543
80912.17360920507
91059.39390568914
66733.4332106547
55436.49249840138
5635.471407906967
11318.958714616612
38150.96265329211
39379.741954705874
68888.26412078213
26059.43028185017
45299.9666156538
2660.230469272951
37500.117946170045
63530.34200571396
53324.9150600721
42425.79673317899
5732.985128171753
58321.09411663461
20586.06721767937
9286.481481232844
51467.50774505987
6593.890943642189
63176.3433073726
63552.69015533278
79632.29213460338
23871.089733481243
26958.60064218614
73311.50479885362
64353.84572221978
93343.89159921798
98962.28028613157
5247.565174243707
55308.71073566088
13079.42528554754
83044.83533172634
81087.48425814549
70888.29927296154
99038.49536399303
10914.723620207857
72644.54559178163
61040.785569473635
77476.35426461282
58929.19980477564
86662.98304272449
86033.35121111208
5084.031258765709
93521.48779760879
47008.854797682674
23881.98378481563
88137.95748574294
73678.39475256116
16227.164866826872
88824.91394483706
32960.71684316788
97580.74379412238
11082.534524476483
15969.693749001324
49155.9247323144
92335.5123373132
57423.399329957734
43122.85548134932
44365.438110840136
10669.865211427932
98557.34357135926
99814.9243272099
94707.19694642109
16523.7677441753
18297.865110141764
95662.5479938049
48587.17375980604
12669.204794635103
64940.483877858125
85463.35514088174
23239.09743966035
87800.47672374244
65648.80675852546
76798.06942772729
83130.71559610715
37981.43003707979
2078.777858803482
37418.3453719929
47285.55563985169
47901.901313797316
77542.035665499
54327.66515497207
58604.30888908319
1087.0365219208145
43606.91234395867
94216.52842405137
62430.058554207026
25019.589281576125
69758.32127533204
15792.138150533852
83886.82941863041
67076.66845342366
33585.37675911356
88546.6156528404
63930.96699211824
40248.83916088846
80938.2936668722
79636.73670224631
12590.136679041852
73800.87620334615
55593.73994925593
80802.05361408793
64524.79522023671
53349.89332862271
26190.484950848957
60627.210363851744
76832.19688296244
37277.924679093136
44544.85230243394
43958.12451347461
91923.11269969355
91962.52303245838
53928.113464996655
39910.63519898739
99336.64577744332
97000.27861376453
28485.63918160718
62664.14399191443
69518.64795168424
33414.58769774906
65700.27472538373
15111.63208790699
99874.3782101058
82780.41807284132
72650.07455827403
34441.38094924909
8816.277788182148
33265.22422975869
83783.12895905909
30854.62906337525
37062.80391001866
9776.549927930811
23029.992659533782
85877.29169947137
67104.46928801763
19723.277696479214
76296.7230993707
15102.756429824427
51538.401869841044
33338.903610044435
71729.33918835854
41706.74307950835
48882.837638519675
98081.59409048365
74613.07506702811
71704.02339703677
1518.191187150919
20317.19998962962
91367.4908714691
9670.805628809054
54561.43118138209
34307.82455300346
42821.153002857645
4535.397019938625
6765.724674479212
18469.922836241825
10797.279912318314
69043.76240450304
4947.362824526081
11932.332701419979
84014.3422575934
73635.40311850543
41977.271524743395
30616.0301338526
29403.337947473297
75718.96893861273
95034.4326862334
81373.84773783639
93166.06633226517
8715.882635350668
45603.78863607824
25169.714588111812
92246.38788826119
21744.157002963817
55611.34250687082
45843.49893834541
91359.15829981685
30443.516399475157
35124.28206270628
39698.84389603754
73319.10346137614
12196.834824612079
26204.148929654148
52967.83024223363
1134.6272948326907
54881.761439504815
44786.24238740634
59147.725132180574
39179.173025951284
47290.4099450434
67868.55544071434
86271.4402264925
47725.41138659866
81483.79020820942
26828.730895306897
75364.77241273077
90225.18077527032
22601.627016262504
69347.69975566896
75659.86481132849
95940.79494998882
90027.11087935927
82203.75191578851
59575.76167968957
1880.9366852164167
85309.99813603357
25111.035697903393
71043.33233582285
57467.06620318464
96880.4414522609
11811.551542157438
4443.237610472628
12953.880983619958
9339.784487775194
88789.941768849
48242.01058460806
28350.06545956934
45993.48527764805
4265.453508958428
17352.75724012496
33433.18034649963
77295.23296440531
30525.690473191382
41313.368699188715
41425.23925088186
35000.24556032061
1201.8567903696708
71566.5360465707
68993.14830088103
82079.6138756512
51745.39048272854
20442.290691109065
43460.84267333419
1826.4780234335753
6151.033266696304
46885.17289044111
84467.62417652264
86088.74181143663
35881.53048640565
59534.55380484064
31779.87605651227
22191.915564538544
27984.328415721327
16458.042656702753
53560.903598156176
869.5816402159329
38550.759907045984
62654.30025195315
10126.436304725206
93397.91400716973
74953.42051226596
61383.00691259765
67060.87646725471
75134.56136516364
45707.51968608524
43446.131210661464
48542.0578347522
4791.099878954841
40337.230116847444
19736.047075336228
96819.99895254866
4022.2243644705723
53288.138200261696
76682.44788702158
57017.691422155214
20293.676025565343
45712.12118068296
1671.4532677196692
37769.69359848375
97494.85987499014
46861.061390923656
66076.64245483627
7686.944308880738
23391.015910376434
32861.04142728229
27233.208372861416
75233.82865775703
70763.68687601491
84798.77331031972
97502.81805978187
65326.21870844786
99967.13609898392
20337.16361666562
68518.16097810699
49806.896834157356
44632.29356236257
13487.103732681871
71762.59078592641
10927.329593136525
59378.70981594484
65697.72825157108
2831.642365541309
17062.52144504644
68648.87701617091
68087.49617080213
36039.663946021836
68108.28583813095
19158.22671910844
99423.66646802395
8476.138375518094
24357.89454348746
4957.972600593707
37367.87706655823
58182.75516088896
67127.81933232224
3736.9252710592773
21540.626928651942
59813.631812523236
51999.80257650586
35742.257172874495
96117.76580625655
12957.522630851649
6269.297701951693
32578.134890535694
76957.0577317504
3242.2686881161235
91037.83890408278
82145.0642309839
33663.23429175104
74408.11204273267
95359.65219545615
98111.6222258488
50534.95299837853
20727.94534380944
54950.44459926244
47564.25097065196
31997.33709175495
33468.94592845189
91188.9332788972
58859.618221242396
47908.88013276165
12531.45559252823
47489.39846065794
23208.012898671892
72041.65443191673
84967.38511437736
59596.13070574218
98145.09424118702
53068.94137670637
55771.81354796017
33948.367110356136
18803.28821448067
71554.55638209006
53157.87439171565
23986.881786249447
23772.949767445196
78723.2521256907
20466.39500572822
88121.16814600272
6347.390074202408
83201.82826419496
49928.225143891636
85048.67705307771
9074.72836267511
50455.61123401995
49688.50037971057
12215.346044197227
89793.45455992153
6305.270854506462
84818.61949405586
21429.217595752336
707.4789668680359
90693.94056130388
35482.97535191649
51986.69366741158
38560.37152563615
90784.90422789704
70994.01031535359
6143.519104505435
43597.39039625771
93505.1548315428
47180.51682615897
54360.35855963889
47757.78688771642
36810.39105304325
96310.48453075814
98475.40124990323
98418.83175721628
6232.062153878104
93751.28320759746
39804.12888502518
13016.832355447705
18677.337243387083
53616.2752209735
96139.00139720296
51999.416959020076
58987.94361030777
26838.444794030114
86719.55086067783
32817.17936512183
86424.04181443728
49427.99667273138
57465.898382730855
46041.72231270971
8024.405553899772
16112.270204209068
50116.50457539984
76201.06799784974
23704.37247865227
35122.760318839675
28383.52036895202
74552.26273394062
83988.17015913934
53585.412196206504
61836.825225492634
78764.91882043009
65432.36490552209
29786.776249687653
33950.42325058181
25368.398005358005
61082.38520195609
68530.00146709176
84592.6435980341
54819.15086229838
3714.1573580400154
28861.087071694015
19214.08308102931
66173.73661843129
88148.11190554436
59637.15888782519
17085.05145922631
38606.851665852606
35582.93686427729
17725.02463630029
49156.81953890269
392.7064151077464
47681.61131759972
76059.57127247399
72468.68595700707
92471.89505603164
31052.45722624568
34358.062492027384
2495.488688460801
43354.89307683322
33803.020254801995
3977.7523115264835
77427.91841673218
44867.16225219718
25004.811730283614
50220.6374468626
19100.54938775366
94119.78662403525
65192.0976298703
40330.606201261835
64130.23046325154
46093.45973302121
61428.03203702178
63494.607878088595
85800.1438335105
3352.5392087905393
74006.6240013817
60350.92081435828
52322.39653801891
54659.79022248789
43519.19387998966
23823.946763737382
70334.81671308546
62641.38851987547
36799.0837526732
10546.422099799867
43835.13397565464
92155.57542311838
68168.6017959767
32696.306525400465
38228.49035571989
65647.35380821179
38447.279050185745
83767.01134185832
76761.81810191716
29525.468238075824
48340.72383045526
88606.08122372652
12341.319608373347
16476.817873712756
85114.47891053786
57998.79386941031
11576.895950354816
92637.38663587174
51867.462597281825
71139.5800995377
59870.072885646274
85667.65343054816
7254.724959539438
5525.56778402431
46459.61170581274
34.37337171836585
10169.407558951649
83122.9581184637
16561.620650737364
39179.493035730375
18678.944151091193
4098.341810000427
84088.69609851799
70760.92787535161
75420.70780574564
94973.49441522479
82905.21726503565
90778.76449019482
22697.46842249628
6753.548599623027
97173.62317116286
65154.41973477498
29673.15134045767
60394.894842843285
52069.13585660658
53209.14677663151
81354.59292767839
51920.562084886624
64988.04715463233
46492.22338022706
74455.10281302854
97557.18344588284
54347.34140011397
88538.03044528006
88770.80784256144
20459.147210994022
78171.09663554355
76385.17371206821
54360.934140548314
54901.85533770445
27881.76836395978
83069.64421746733
14608.312287305358
71267.46628910633
34062.073931192186
81808.00984403677
93146.54407759885
5712.89975926419
50425.89035235786
97215.44587420327
8675.458025640204
12101.26508823739
69834.25995187335
56657.382118655034
45846.607877920986
40594.3069398549
91915.14735306519
65712.42057316253
82685.71732988977
87244.8606685981
5693.404503668298
85728.08733106067
95429.18216964233
51994.69808469721
72609.89939203559
48579.90179770278
10186.824907101332
88674.57866319918
95406.53749161374
3998.136375308392
47503.300969643584
29919.70924611759
36576.505733332044
58205.546905376796
10675.718822253044
22355.226992288957
6426.721954538006
29113.287211921113
1595.1454909903239
12972.725934909246
75272.17085841445
12951.07875429824
8914.88039506546
86310.25893284119
76879.39705746816
29961.661526838066
2508.4780582462886
63864.632756226456
60999.17051924185
92668.43208034126
85465.73153400168
42106.253505862835
21675.896955163153
19229.077235481564
284.90117791122316
63533.16077050486
74994.08941355134
96516.93622010153
59454.6872488083
86392.30277380165
85019.81078901267
82825.72041749606
72279.60451165146
43012.49909893249
39917.69346250761
28472.1274040567
69587.50019849779
54134.98094948127
61571.77494626349
84074.78064024253
85868.22710973336
97193.75570913835
91511.05706321422
60916.85872269921
44427.528543737346
10189.482673669536
33538.347197593044
5553.6620807309255
5300.429852044353
49616.93762591358
49183.588412848214
51705.28236362787
77953.53937362884
10847.567364746668
95950.57395856027
16478.427931686536
71215.83451137629
62435.01985641263
70298.54719987711
15090.395319170979
51412.675250554494
42002.942446120614
67397.88613485002
78522.06442440083
6337.926621529688
10690.785940636626
97921.71340533921
71905.69708549525
67484.21923987294
65574.69031735971
8482.926601202424
27957.22567935278
25861.582290203998
65047.01612216902
36798.79778435575
29391.651297831435
87769.77032192088
30829.39497148973
95262.96489051124
97014.04050184517
56049.812413942425
52110.69040374606
17327.26096649483
66057.52888003516
89625.46082781482
32242.557478206367
19943.51182873725
62343.66245020909
89555.34941736712
86491.79067827124
32288.11311870372
21969.289635385216
83351.84195261112
20539.96145085647
16089.738283114573
33478.13460806665
30982.73479402499
93737.35951410126
56103.37824576521
19854.102953637677
55757.06079168025
98559.56654106815
30621.35620783779
19177.227291405154
11206.499043466943
68281.42437212866
81384.79879728486
67412.1548754829
31108.948248330948
58574.62162626385
89856.56987999793
34552.865570494396
73961.06173450037
35551.41875645665
32539.42516808731
16226.350385062982
65491.64796406275
42718.55710748458
31870.719002110127
36861.76087897478
63218.00065870855
12371.714291597591
41197.72909096409
77660.53805512894
15582.42424593399
33152.311474914786
2435.250621265683
2856.886686947857
64866.2932172604
84804.9019335133
93229.83409964458
21136.886032062463
47864.244124694844
3614.7253192838734
36802.63036538015
85588.4236862678
81211.15441818861
47571.459404228444
82115.5221775004
5183.046171096839
79289.78716439218
88996.61249799207
74602.83665209278
13544.770506439918
41807.11560535283
74188.36929658725
28433.613495145004
16639.695820884383
65412.48486261781
54579.131948382186
80117.04315538263
20024.299798563137
79140.9451994659
11967.40764032942
50236.358235871194
18419.118654660906
77000.23804670082
71577.10040438508
65194.12051946963
15628.422178109702
22680.06078780638
21013.639808907446
94074.46944958513
31205.446084651332
31147.423790770255
30627.852372625242
37075.605073375096
41766.625197992216
89802.03011770507
1364.7981096793105
61438.405386798724
99487.14689621904
67900.80524126
49866.29134950444
18394.712636588116
68064.11019241398
77120.81107548675
77412.15914822735
90381.54738967454
17312.44251775731
88414.99983420761
59226.743850756415
11615.072736360222
21562.624872553304
80725.34236205807
33743.533469618436
77090.88253674333
14158.231837535452
95653.10066546779
67612.2356480745
5174.766542481258
60605.13761137734
98846.1088697906
21548.993762994894
47170.81551160426
26303.181376814067
3648.0997916691795
44571.84723284672
43601.331174071966
31294.992276829737
95465.31805880599
79729.98915003994
11405.74943960857
4095.569945848443
6340.714928557889
73126.7194728266
8863.3159194201
69420.11877017187
28386.300161441537
39852.43533586218
65767.04898696597
30506.554767965597
22009.267579498894
55385.40149950282
85224.05227833793
35732.99102784403
70277.76031736415
9084.437828598002
20430.008329938864
51359.450433507904
54307.22523664876
77589.09614577676
4863.237524170716
97476.89646775565
76208.51260444651
50259.24918214697
67566.46038536368
42625.65861156471
35924.02365007488
66227.4897563047
96531.97059813436
94049.17511075805
76188.31736235101
3204.100332003712
22678.64320464197
65177.88681994247
45884.83023610829
91865.7492572619
84506.84822875036
49692.066118956944
96230.44357829633
16475.530075401533
99239.94576633725
82391.23979205653
16504.817681547567
2323.3189186470104
10108.783185856262
21101.735790057362
36451.58741770741
83641.82370846663
1408.1766366685122
40982.874640317415
71013.62446122029
91845.17047639951
73052.1130738825
92846.1612572428
59724.773884629656
3253.200517817445
44576.95463623659
40480.76535673353
57865.60187289948
37906.09657913945
14889.68616078965
58482.47895151066
69400.8525780408
6640.378275643566
38530.858276751715
41712.27306570956
72751.47289807614
62288.67514977017
91819.49637264761
50264.413216378714
79614.2257048121
22682.11792785362
92969.98153487228
89703.10407760757
84327.03751031353
98075.57136773308
9118.52489298609
5330.421699032795
6688.4349616715635
73682.39376066197
30169.469396988203
51377.299258927735
4674.532603349068
69196.72812117523
14469.414886136377
81263.17812323717
35157.21638965642
21497.81384188749
14539.705328974738
93448.85986447561
70512.30723770183
14172.164533941157
72445.56749329432
58911.01640209046
36916.67440032362
8055.901004605337
33852.759122479
50895.67048370812
26168.38337999009
10690.902869269003
67420.3385196467
95361.9648915875
47024.16098040594
59404.8673650636
91900.71735287513
61406.30263994146
24333.579970052622
82666.75012062496
7165.914275535934
14960.995488127859
24659.540331446162
47435.51573930568
97351.51011585655
66190.35596932306
85609.79656711
96411.46725754332
24407.506501928412
51261.10519506053
52764.39291360108
28415.880833842788
58567.90172634321
2542.93914470205
82869.07704058924
77566.0397709189
98598.52009402533
77798.86007681217
54874.862246947254
2479.2368692945656
19155.21210801415
38553.9467262422
41439.11735713137
5430.590681257797
45182.258302417176
90585.03338179117
32663.69918453831
63206.104628910056
94003.43730220161
25352.706536763824
71130.77608958614
66333.619106953
44605.85712358205
30200.955086628255
52707.18093351375
31440.873415016158
90589.3782927664
67278.67833057464
71123.28373701044
72681.17484649012
8352.012814070542
56391.19346707472
35992.49604635394
92483.67165036366
25304.405597497247
35368.78654941433
73722.72959804189
79326.5753306697
4254.181574190685
13043.210535035088
28681.237640852498
80798.099372244
69573.47999852497
74552.04185724109
18009.458956729064
53901.313396712634
88360.84290268377
46444.588850255685
57644.62363804879
81375.46455198544
85531.0576073522
79942.05138382022
69390.0271234737
82747.77788655394
15614.446808617688
64708.48719236467
99286.07361070493
41896.128292063004
36019.50783262805
42618.05523250747
26069.299131740343
19094.37964183739
26610.705672388412
51257.92632707571
15166.761776628002
14828.600088373112
78675.66723086218
90285.12718014853
78458.36025964028
5113.772698199448
32703.823374907883
70259.5422356831
32949.76753378312
73607.0083264746
78871.14812245281
73204.13167594538
12533.832882568286
24504.722273161762
46723.2829987918
26897.41772741525
76178.47212876251
72027.54920138605
1272.037619210009
70782.09518377885
73164.22682803743
67238.3026446982
31567.862461605746
70377.6379994132
71404.78634771134
41004.568287005604
64783.60073034279
19213.590680360514
28418.979088593398
13109.013022640425
63942.43605504799
52554.18031884261
86182.87346749453
41826.872729336705
70645.62244803287
85563.79409876125
875.7571648316698
65731.453531795
35503.260307391894
80066.76029510646
76443.9694925408
20054.939465456657
38444.00918508617
38683.785452657496
56941.69158015338
93623.19187724513
38677.30139800808
22881.278444279484
46767.92989741949
29199.583914798986
9804.271799798347
92348.77801775865
70204.15728782506
60014.42034240078
9421.276464257122
67123.46939716372
52067.13693808267
18322.768700789606
4532.524736628129
21009.855011279244
99826.70618204301
48025.05976730238
24186.01296823093
25096.38627721561
94198.3751451445
2701.1459066718644
38969.60638147938
73549.87106888671
50005.79800071561
12849.907922567638
73351.75301509169
40372.36506805336
92018.31725776922
61692.98336629656
41323.98421745035
35434.112116092285
1503.941517419216
17592.482220964077
58400.03584775097
50850.06200871766
28398.246837990802
32949.07221900184
23749.011881889583
14646.37167857341
31274.897035531136
34388.150456706615
85087.76827330257
97667.20213087203
2713.6084150299557
97108.25058314015
95930.22778764923
51801.04095368549
61196.509613685965
17457.221121146482
49889.13189217079
92859.67742465781
42324.068768901736
72118.18155557032
29948.26166431739
79821.85951178083
1926.8635236360353
79728.55643757043
41970.91825893625
83657.59772966076
51559.65263573148
61322.00176522045
11183.026016332587
83577.9306551146
82899.34301588136
29674.395309995583
7966.956492020372
76308.9365629949
1728.6327187820193
24451.449630775358
35024.76406916909
34867.64308754989
84472.23103456316
49996.97242547893
51817.217755667996
7321.387646947542
90662.7484634806
65667.13052878751
34157.640886250716
3141.1260196409385
13248.471935179718
24807.56333535624
66937.26634681548
75013.05274150742
25315.425284810077
57786.50790569773
46181.435071678425
67351.82944341685
86581.24251260563
46938.59465405135
22983.632124529173
69262.60113113564
5928.581371339503
46840.28275547074
56337.016996371734
79327.91407091575
17280.907474083095
62029.429084303345
54480.770289311564
62349.517645811335
15283.670657459159
6097.749751274117
75101.19554962493
54054.00765306244
14539.05060332411
31026.47111297492
23575.22273803654
48775.05497879572
41552.57814535922
33701.785747382964
35416.582845833254
87254.0203685783
42085.145084405376
17738.17849937347
54182.58516199252
46954.53027794598
88263.99456163352
13054.0730958419
19322.092416002833
25665.578234690867
99591.53411502698
33085.661908093236
59792.93658210445
671.5810279651291
49900.891745454
80091.20082808005
48749.68976641888
40396.75009299625
18342.315825197096
92689.4362016262
12200.331763522576
43185.01647512851
56644.72500813911
66592.24838118441
253.0443616987399
78755.68151148024
87181.76414283675
69433.00201945988
23421.999047546426
11878.87141623476
16781.99950728124
13658.50013443396
